414 0120648 Cara_Buono 1 6
1483 3918035 Zendaya 2 7
8 0000144 Cary_Elwes 3 15
122 0000998 Jake_Busey 4 21
1301 2016723 Eve_Hewson 5 28
1320 2100657 Serinda_Swan 6 33
1199 1592225 Rachael_Taylor 7 34
338 0005527 Sofía_Vergara 8 35
416 0124208 Sophia_Bush 9 37
1056 1200692 Eva_Green 10 38
1388 2546012 Kaya_Scodelario 11 41
513 0269463 Jon_Favreau 12 45
1398 2605345 Gemma_Arterton 13 46
1316 2088803 Yvonne_Strahovski 14 47
1289 1968140 Liz_Katz 15 48
1444 3018183 Perry_Mattfeld 16 49
1446 3053338 Margot_Robbie 17 50
1264 1869101 Ana_de_Armas 18 53
1492 4305463 Naomi_Scott 19 54
611 0397171 Bryce_Dallas_Howard 20 55
25 0000233 Quentin_Tarantino 21 56
5 0000121 Phoebe_Cates 22 59
1370 2394794 Karen_Gillan 23 62
656 0488953 Brie_Larson 24 65
1177 1537825 Sam_Heughan 25 66
1319 2100081 Phoebe_Tonkin 26 68
929 0917848 Robin_Weigert 27 69
585 0362766 Tom_Hardy 28 70
597 0376716 Christina_Hendricks 29 71
1420 2794962 Hailee_Steinfeld 30 76
1091 1275259 Alexandra_Daddario 31 77
1047 1176985 Dave_Bautista 32 80
1038 1157048 Zachary_Levi 33 83
1085 1268748 Tamer_Hassan 34 84
1251 1785339 Rami_Malek 35 91
245 0004802 Linda_Cardellini 36 94
168 0001499 Tina_Majorino 37 96
623 0424060 Scarlett_Johansson 38 98
226 0002907 Alexander_Skarsgård 39 99
952 0940362 Shailene_Woodley 40 101
162 0001462 Jason_Scott_Lee 41 105
1469 3592338 Emilia_Clarke 42 106
1433 2930503 Jack_Reynor 43 108
1094 1289434 Emily_Blunt 44 109
508 0262635 Chris_Evans 45 110
1498 4874651 Dove_Cameron 46 112
317 0005370 Kathleen_Robertson 47 113
314 0005351 Ryan_Reynolds 48 114
1435 2933757 Gal_Gadot 49 115
1087 1269983 Krysten_Ritter 50 116
383 0068338 Kristen_Bell 51 118
973 0992538 Steve_Howey 52 120
709 0578853 Ben_Mendelsohn 53 121
498 0252230 Chiwetel_Ejiofor 54 122
858 0790688 Michael_Sheen 55 124
1377 2409479 Mikaela_Hoover 56 125
297 0005253 Elisabeth_Moss 57 126
1202 1601397 Olivia_Munn 58 128
1368 2368789 Zoë_Kravitz 59 129
735 0614165 Cillian_Murphy 60 130
720 0597388 Jason_Momoa 61 133
1236 1720028 Amber_Heard 62 134
428 0147147 Henry_Cavill 63 135
1255 1812656 Luke_Evans 64 137
1481 3849842 Sophie_Turner 65 139
29 0000295 Kate_Beckinsale 66 141
1043 1165110 Chris_Hemsworth 67 143
960 0947447 Donnie_Yen 68 145
1003 1072555 Morena_Baccarin 69 146
1016 1102577 Elle_Fanning 70 148
587 0364813 Jared_Harris 71 149
1280 1935086 Tessa_Thompson 72 150
349 0006969 Elizabeth_Banks 73 152
1432 2928020 Caitriona_Balfe 74 153
851 0781899 Pamela_Adlon 75 156
1097 1297015 Emma_Stone 76 157
544 0314514 Lauren_German 77 158
316 0005362 Lisa_Rinna 78 159
1286 1954240 Teresa_Palmer 79 162
1152 1455681 AnnaSophia_Robb 80 163
1006 1083404 Sarah_Shahi 81 164
353 0010736 Amy_Adams 82 165
1175 1527905 Toby_Kebbell 83 167
1143 1428821 Joey_King 84 168
13 0000170 Milla_Jovovich 85 170
1339 2225369 Jennifer_Lawrence 86 171
1374 2401020 Will_Poulter 87 173
17 0000204 Natalie_Portman 88 175
1049 1182048 Becki_Newton 89 176
948 0935541 Mary_Elizabeth_Winstead 90 178
169 0001515 Joseph_Mazzello 91 180
1386 2539953 Alicia_Vikander 92 181
447 0177896 Bradley_Cooper 93 182
1430 2913275 Debby_Ryan 94 183
897 0855039 David_Tennant 95 184
1395 2572554 Peyton_List 96 189
689 0534635 Richard_Madden 97 190
995 1046097 Rachel_McAdams 98 192
515 0272581 Rebecca_Ferguson 99 193
795 0695435 Chris_Pratt 100 197
1116 1374980 Zac_Efron 101 199
482 0230655 Jason_Dohring 102 200
560 0333410 Topher_Grace 103 201
1186 1566474 Julianna_Guill 104 202
698 0565250 Melissa_McCarthy 105 207
947 0935395 Katheryn_Winnick 106 208
1349 2255973 Donald_Glover 107 209
1183 1555340 Alison_Brie 108 212
879 0819850 Cole_Sprouse 109 216
1103 1312575 Olivia_Wilde 110 219
1166 1500155 Robert_Pattinson 111 220
509 0266824 Dakota_Fanning 112 223
746 0634240 Christopher_Nolan 113 224
1188 1567113 Jessica_Chastain 114 225
1052 1192254 Maggie_Grace 115 226
280 0005109 Mila_Kunis 116 227
769 0661164 Kip_Pardue 117 228
816 0717709 Kelly_Reilly 118 231
885 0829576 Kristen_Stewart 119 232
1397 2584600 Julianne_Hough 120 233
1208 1631269 Chloë_Grace_Moretz 121 235
224 0002436 Shannon_Elizabeth 122 238
907 0881631 Karl_Urban 123 239
695 0544718 Kate_Mara 124 242
839 0757855 Zoe_Saldana 125 243
593 0369513 Cole_Hauser 126 244
1063 1212722 Benedict_Cumberbatch 127 245
642 0447695 Anna_Kendrick 128 248
512 0267812 Vera_Farmiga 129 249
1062 1211488 Lynn_Collins 130 250
499 0252961 Idris_Elba 131 251
1201 1597316 Adrianne_Palicki 132 253
422 0135584 Francis_Capra 133 255
1347 2254074 Bella_Thorne 134 256
917 0893257 Milo_Ventimiglia 135 257
460 0192505 Kaley_Cuoco 136 261
417 0126284 Rose_Byrne 137 262
175 0001567 Connie_Nielsen 138 263
1279 1933128 Bailee_Madison 139 268
867 0808022 Douglas_Smith 140 270
1281 1940449 Andrew_Garfield 141 287
531 0295484 Anna_Friel 142 289
1470 3614913 Zoey_Deutch 143 291
1054 1195855 Lee_Pace 144 293
1217 1659348 Lauren_Cohan 145 295
567 0342029 Frank_Grillo 146 296
838 0755267 Katee_Sackhoff 147 297
1119 1379938 Travis_Fimmel 148 300
1100 1310368 Minka_Kelly 149 301
759 0648249 Timothy_Olyphant 150 303
1449 3152605 Gwilym_Lee 151 305
786 0683253 Rosamund_Pike 152 306
594 0372176 Lena_Headey 153 307
164 0001472 Jet_Li 154 312
1411 2680758 Italia_Ricci 155 315
722 0599889 Poppy_Montgomery 156 316
1205 1620783 Meghan_Markle 157 318
1345 2247245 Haley_Bennett 158 319
1008 1086543 Amanda_Seyfried 159 322
510 0267124 Aviva_Baumann 160 327
1401 2633535 Asa_Butterfield 161 328
1266 1872698 Dianna_Agron 162 329
841 0761052 Roselyn_Sanchez 163 332
1302 2017943 Hayley_Atwell 164 335
558 0331516 Ryan_Gosling 165 336
1488 4032297 Chloe_Bennet 166 337
719 0593961 Rhona_Mitra 167 339
212 0001838 Rachel_Weisz 168 340
1437 2946516 Claire_Foy 169 342
121 0000982 Josh_Brolin 170 345
1436 2934314 Lily_Collins 171 346
423 0136797 Steve_Carell 172 347
382 0068260 Jamie_Bell 173 349
988 1024677 John_Krasinski 174 350
1178 1540404 Max_Minghella 175 351
55 0000463 Famke_Janssen 176 352
824 0736622 Seth_Rogen 177 355
389 0082526 Peter_Billingsley 178 357
167 0001497 Tobey_Maguire 179 359
1072 1232226 Alexis_Dziena 180 362
1287 1956478 Madison_Davenport 181 364
1010 1089991 Tom_Hiddleston 182 365
42 0000399 David_Fincher 183 370
1045 1172478 Joel_Kinnaman 184 371
1134 1405398 Dan_Stevens 185 374
48 0000426 Jennifer_Grey 186 375
450 0180411 Abbie_Cornish 187 377
944 0931329 Michelle_Williams 188 380
1223 1670137 Georgie_Henley 189 382
1011 1092227 Sienna_Miller 190 387
1131 1404408 Alice_Eve 191 388
233 0004700 Tatyana_Ali 192 389
674 0515116 Blake_Lively 193 391
1169 1517976 Chris_Pine 194 392
526 0289080 Jorja_Fox 195 393
697 0564215 James_McAvoy 196 394
1039 1157358 Michelle_Monaghan 197 395
925 0910607 Christoph_Waltz 198 396
941 0926165 Mae_Whitman 199 400
1247 1763049 April_Bowlby 200 401
620 0413168 Hugh_Jackman 201 402
876 0814259 Brenda_Song 202 403
123 0001015 Robert_Carlyle 203 404
817 0719637 Jeremy_Renner 204 405
1000 1063517 Kathryn_Hahn 205 406
1456 3310211 Rose_Leslie 206 407
36 0000368 Laura_Dern 207 408
1120 1385871 Olga_Kurylenko 208 412
381 0067367 Bérénice_Bejo 209 413
211 0001833 Emily_Watson 210 414
757 0647634 Elizabeth_Olsen 211 417
864 0803890 Gustaf_Skarsgård 212 419
1344 2244205 Léa_Seydoux 213 425
1126 1395602 Allen_Leech 214 426
230 0004266 Anne_Hathaway 215 431
1020 1113550 Abigail_Breslin 216 432
831 0748620 Paul_Rudd 217 434
454 0185819 Daniel_Craig 218 441
803 0702572 Maggie_Q 219 442
748 0636426 Noomi_Rapace 220 444
554 0328828 Matthew_Goode 221 445
221 0002077 Dexter_Fletcher 222 446
732 0610298 Tia_Mowry-Hardrict 223 450
518 0278979 Jenna_Fischer 224 454
1322 2110418 Gemma_Chan 225 455
1455 3275500 Casey_Jon_Deidrick 226 456
690 0540441 Jena_Malone 227 462
729 0608090 Samantha_Morton 228 464
1473 3726887 Jessica_Brown_Findlay 229 465
58 0000492 Jennifer_Jason_Leigh 230 466
1145 1431940 Evangeline_Lilly 231 467
1 0000099 Patricia_Arquette 232 468
181 0001608 Barry_Pepper 233 469
592 0366389 Kevin_Hart 234 470
749 0636942 Bojana_Novakovic 235 472
410 0115161 Emily_Browning 236 474
584 0358922 Emily_Hampshire 237 478
155 0001309 Anthony_Michael_Hall 238 479
1231 1706767 Jonah_Hill 239 481
1165 1494536 Kirsten_Vangsness 240 482
785 0680983 Ellen_Page 241 483
930 0919991 Tom_Welling 242 484
1336 2215143 Kiernan_Shipka 243 485
1463 3480246 Ella_Purnell 244 486
21 0000210 Julia_Roberts 245 487
615 0403652 Ryan_Hurst 246 488
85 0000612 Denise_Richards 247 489
726 0604747 Jeffrey_Dean_Morgan 248 490
1171 1519680 Saoirse_Ronan 249 494
912 0891275 Emmanuelle_Vaugier 250 497
983 1017334 Juno_Temple 251 498
1373 2400045 Nina_Dobrev 252 500
74 0000552 Eddie_Murphy 253 501
667 0506613 Shawn_Levy 254 502
1005 1083271 Megan_Fox 255 503
940 0925966 Bradley_Whitford 256 504
1489 4129745 Allison_Williams 257 505
23 0000214 Mia_Sara 258 507
822 0731075 Emma_Roberts 259 509
104 0000705 Robin_Wright 260 510
1379 2442289 Gina_Carano 261 511
1487 3994408 Jane_Levy 262 513
307 0005299 Sarah_Paulson 263 514
157 0001337 Katherine_Heigl 264 515
777 0666739 Aaron_Paul 265 516
92 0000652 James_Spader 266 518
583 0358316 Jon_Hamm 267 519
946 0933940 Patrick_Wilson 268 520
1392 2566697 Elizabeth_Gillies 269 522
1275 1904798 Heather_Hemmens 270 525
1472 3706952 Crystal_Reed 271 528
981 1015262 Leighton_Meester 272 531
1221 1667364 Ashley_Benson 273 533
1422 2803689 Marta_Milans 274 535
120 0000956 Lisa_Bonet 275 538
213 0001840 Ming-Na_Wen 276 540
1147 1443502 Jordan_Peele 277 541
626 0424848 Dakota_Johnson 278 542
470 0199312 Eric_Dane 279 543
1002 1065664 Stana_Katic 280 544
1192 1573253 Alexander_Ludwig 281 545
31 0000307 Helena_Bonham_Carter 282 549
2 0000103 Fairuza_Balk 283 553
306 0005286 Haley_Joel_Osment 284 557
963 0954036 Natalie_Zea 285 558
712 0584951 Lea_Michele 286 564
228 0003620 Kevin_Smith 287 565
346 0006713 Rachael_Harris 288 566
646 0454809 Jaime_King 289 570
246 0004806 Charisma_Carpenter 290 571
329 0005466 Julia_Stiles 291 573
1044 1172285 Martha_Higareda 292 576
1249 1775214 Alona_Tal 293 579
53 0000452 Lauren_Holly 294 583
1314 2080328 Kelsey_Asbille 295 586
1139 1416900 Shantel_VanSanten 296 587
360 0025483 Eva_Amurri_Martino 297 588
50 0000437 Woody_Harrelson 298 589
1284 1946193 Jamie_Dornan 299 590
1012 1093951 Aaron_Taylor-Johnson 300 591
547 0318821 Aidan_Gillen 301 592
844 0771414 Martin_Starr 302 594
1424 2822103 Sofia_Pernas 303 595
1303 2018237 Taylor_Kitsch 304 596
30 0000301 Thora_Birch 305 600
19 0000207 Christina_Ricci 306 601
355 0014960 Alexandre_Aja 307 603
802 0701512 Missi_Pyle 308 604
1237 1724323 Jayma_Mays 309 605
1376 2405238 Willow_Smith 310 607
1454 3237775 Mackenzie_Foy 311 609
1144 1429380 Britt_Robertson 312 610
997 1055413 Michael_Fassbender 313 611
868 0808376 Gregory_Smith 314 612
128 0001057 Toni_Collette 315 613
356 0015196 Malin_Akerman 316 614
110 0000775 Christina_Applegate 317 615
1219 1662644 Antje_Traue 318 618
633 0429069 Rashida_Jones 319 620
1258 1840659 Nasim_Pedrad 320 621
153 0001287 Heather_Graham 321 622
1327 2140860 Maika_Monroe 322 624
814 0714147 Elizabeth_Reaser 323 625
877 0817844 Abigail_Spencer 324 626
396 0093589 Matt_Bomer 325 627
222 0002124 Melora_Hardin 326 628
1499 4972453 Olivia_Cooke 327 630
241 0004757 Selma_Blair 328 632
1310 2057859 Andrea_Riseborough 329 633
993 1036181 Mike_Vogel 330 634
886 0835016 Mark_Strong 331 635
163 0001467 Jared_Leto 332 639
625 0424534 Ashley_Johnson 333 640
921 0907548 Benjamin_Walker 334 641
1369 2389665 Kevin_McHale 335 642
692 0542133 Joe_Manganiello 336 644
937 0924210 Ben_Whishaw 337 649
283 0005128 Lucy_Lawless 338 650
1018 1107001 Anthony_Mackie 339 652
796 0696059 Laura_Prepon 340 653
20 0000208 Molly_Ringwald 341 654
577 0355024 Tony_Hale 342 655
1464 3485845 Adam_Driver 343 656
504 0257969 Mireille_Enos 344 660
1423 2809577 Jenny_Slate 345 662
1159 1475594 Channing_Tatum 346 663
1184 1559927 Booboo_Stewart 347 664
1356 2309517 Armie_Hammer 348 666
991 1032567 Pablo_Schreiber 349 667
1176 1535523 Jaden_Smith 350 668
191 0001675 Robert_Rodriguez 351 669
744 0629697 Rachel_Nichols 352 670
979 1008709 Ashley_Scott 353 673
882 0821612 Jewel_Staite 354 674
32 0000327 Lacey_Chabert 355 675
899 0857620 Justin_Theroux 356 679
1243 1745736 Paula_Patton 357 680
1324 2125623 Bridget_Regan 358 682
565 0339460 Judy_Greer 359 684
578 0355097 Jackie_Earle_Haley 360 690
1277 1913734 Rooney_Mara 361 691
635 0430107 Michael_B._Jordan 362 693
1068 1221047 Keegan-Michael_Key 363 697
553 0328709 Meagan_Good 364 698
421 0135221 Lizzy_Caplan 365 701
403 0103797 Alice_Braga 366 702
1486 3964350 Amandla_Stenberg 367 704
177 0001593 Anna_Paquin 368 705
1124 1393354 Kristen_Connolly 369 706
505 0259433 Tami_Erin 370 708
113 0000867 Jason_Bateman 371 709
892 0842770 Tilda_Swinton 372 710
288 0005188 James_Marsden 373 711
456 0187719 Terry_Crews 374 712
972 0973177 Kyle_Gallner 375 713
736 0614877 Chad_Michael_Murray 376 714
18 0000205 Parker_Posey 377 715
225 0002546 Mena_Suvari 378 716
1341 2235721 Ruth_Wilson 379 718
1269 1886602 Miles_Teller 380 719
728 0607185 Jennifer_Morrison 381 722
1308 2038170 Valorie_Curry 382 725
1467 3529987 Heather_Morris 383 727
520 0279545 Isla_Fisher 384 728
1113 1358539 Jennifer_Carpenter 385 729
108 0000749 Mädchen_Amick 386 730
206 0001795 Jonathan_Taylor_Thomas 387 731
481 0227759 Peter_Dinklage 388 732
738 0616091 Ellen_Muth 389 734
1070 1227814 Vanessa_Hudgens 390 736
774 0663854 Karyn_Parsons 391 737
556 0330687 Joseph_Gordon-Levitt 392 738
742 0628601 Thandie_Newton 393 740
776 0665235 Elsa_Pataky 394 742
880 0819851 Dylan_Sprouse 395 743
552 0324658 Walton_Goggins 396 745
7 0000143 Erika_Eleniak 397 746
1028 1132359 Summer_Glau 398 747
713 0586568 Mads_Mikkelsen 399 751
1304 2023050 Darren_Criss 400 752
1262 1851981 Melissa_Rauch 401 754
308 0005305 Piper_Perabo 402 758
86 0000613 Joely_Richardson 403 759
9 0000145 Sherilyn_Fenn 404 760
348 0006958 Jonathan_Tucker 405 763
126 0001043 Anna_Chlumsky 406 764
390 0085312 Jack_Black 407 765
1497 4703025 Emily_Bett_Rickards 408 767
903 0876138 Alan_Tudyk 409 771
64 0000515 Virginia_Madsen 410 773
1110 1343638 Eliza_Taylor 411 774
1082 1263939 Danielle_Panabaker 412 775
102 0000696 Wil_Wheaton 413 776
278 0005064 January_Jones 414 777
683 0531808 Kelly_Macdonald 415 779
743 0629653 Marisol_Nichols 416 785
1163 1484270 Harry_Shum_Jr. 417 786
1067 1218924 Michelle_Borth 418 788
846 0775455 Carly_Schroeder 419 789
393 0086883 Jolene_Blalock 420 794
1235 1719342 Cory_Monteith 421 795
1105 1325419 Kristen_Wiig 422 796
1066 1218621 Ryan_Hansen 423 797
239 0004748 Julie_Benz 424 798
1364 2353862 Dev_Patel 425 800
1227 1679778 Sylvia_Hoeks 426 802
678 0519456 Eva_Longoria 427 803
1453 3229685 Kit_Harington 428 804
1130 1404239 Evan_Peters 429 805
1107 1334869 Logan_Marshall-Green 430 806
856 0788335 Michael_Shannon 431 807
1078 1256532 Jon_Bernthal 432 808
1402 2636108 Aidan_Turner 433 810
452 0182666 Nikolaj_Coster-Waldau 434 811
188 0001667 Jonathan_Rhys_Meyers 435 812
79 0000580 Luke_Perry 436 813
1321 2106637 Aziz_Ansari 437 814
871 0810083 Symba 438 815
203 0001774 Ben_Stiller 439 816
1288 1965525 Anna_Hopkins 440 817
319 0005381 Rebecca_Romijn 441 821
1074 1242688 Josh_Hutcherson 442 824
908 0885840 Emily_VanCamp 443 828
1479 3841486 Adan_Canto 444 829
1484 3920288 Taissa_Farmiga 445 831
616 0405103 Sarah_Hyland 446 832
609 0396558 Nicholas_Hoult 447 833
147 0001231 Claire_Forlani 448 834
1462 3453476 Anne_Winters 449 836
599 0379596 Jay_Hernandez 450 837
915 0891895 Paz_Vega 451 838
631 0428065 Felicity_Jones 452 841
1257 1835900 Courtney_Ford 453 844
574 0350454 Maggie_Gyllenhaal 454 847
94 0000662 Kiefer_Sutherland 455 851
644 0452963 Q'orianka_Kilcher 456 852
1168 1512166 Jamie_Chung 457 854
116 0000884 Jennifer_Beals 458 856
273 0005042 Jason_Isaacs 459 857
401 0100866 Julie_Bowen 460 859
1442 3009232 Ezra_Miller 461 860
294 0005221 Christopher_Meloni 462 861
1328 2143282 Lupita_Nyong'o 463 862
247 0004825 Emmanuelle_Chriqui 464 866
539 0305083 Aimee_Garcia 465 867
240 0004753 Leslie_Bibb 466 868
361 0025745 Elena_Anaya 467 869
497 0251986 Jesse_Eisenberg 468 872
192 0001701 Devon_Sawa 469 873
630 0427964 Doug_Jones 470 874
44 0000411 Edward_Furlong 471 878
1059 1208167 Diane_Kruger 472 879
330 0005476 Hilary_Swank 473 881
1465 3510471 Sam_Claflin 474 882
204 0001785 Kristy_Swanson 475 883
1384 2498781 Jessica_Parker_Kennedy 476 884
334 0005502 Michelle_Trachtenberg 477 885
555 0329481 Ginnifer_Goodwin 478 886
639 0444223 Arielle_Kebbel 479 887
1413 2692146 Katie_McGrath 480 888
59 0000495 Téa_Leoni 481 891
1137 1415323 Miley_Cyrus 482 892
439 0164809 Jason_Clarke 483 894
137 0001110 Embeth_Davidtz 484 898
1209 1631435 Aimee_Teegarden 485 905
1239 1736769 Ariel_Winter 486 908
477 0221043 Emily_Deschanel 487 911
1427 2857778 Janet_Montgomery 488 912
784 0680846 Todd_Phillips 489 913
909 0888882 Laura_Vandervoort 490 914
1405 2652095 Laura_Haddock 491 916
913 0891786 Alexa_PenaVega 492 917
860 0796117 M._Night_Shyamalan 493 918
1024 1128572 Lake_Bell 494 919
373 0050959 Pedro_Pascal 495 920
15 0000192 Alyssa_Milano 496 923
97 0000670 Lea_Thompson 497 924
195 0001713 Izabella_Scorupco 498 925
724 0601553 Mandy_Moore 499 926
1440 2973513 Linda_Bella 500 927
511 0267511 Sean_Faris 501 929
607 0390903 Tom_Hollander 502 933
1409 2676147 Jonathan_Groff 503 934
874 0813812 Ian_Somerhalder 504 939
263 0004988 Colin_Hanks 505 944
1252 1789336 Jessy_Schram 506 946
1340 2230865 Ashley_Greene 507 947
478 0221046 Zooey_Deschanel 508 948
1180 1544217 Cam_Gigandet 509 949
1338 2222264 Jesse_Williams 510 950
533 0300589 Sarah_Gadon 511 952
238 0004747 Wes_Bentley 512 954
1092 1285162 Matthew_Morrison 513 957
575 0352778 Bill_Hader 514 958
1061 1210124 Taylor_Lautner 515 959
134 0001086 Alan_Cumming 516 960
1244 1750524 Melanie_Papalia 517 962
780 0670408 Simon_Pegg 518 963
490 0243806 Kevin_Durand 519 965
1399 2608689 Ellie_Kemper 520 967
378 0059215 Mischa_Barton 521 969
571 0347149 Sienna_Guillory 522 970
1225 1676221 Andy_Samberg 523 973
1500 5052065 Ansel_Elgort 524 975
178 0001602 Guy_Pearce 525 980
834 0749263 Mark_Ruffalo 526 981
579 0355632 Hanna_Hall 527 983
109 0000759 Paul_Thomas_Anderson 528 986
76 0000571 Mary-Louise_Parker 529 988
1426 2851530 Dane_DeHaan 530 989
961 0951148 Odette_Annable 531 992
1474 3729721 Dylan_O'Brien 532 993
322 0005405 Seann_William_Scott 533 998
1108 1335291 Missy_Peregrym 534 999
22 0000212 Meg_Ryan 535 1002
1160 1478045 Percy_Daggs_III 536 1006
270 0005023 Djimon_Hounsou 537 1009
182 0001610 Elizabeth_Perkins 538 1012
754 0644406 Nick_Offerman 539 1014
158 0001367 C._Thomas_Howell 540 1016
1156 1469236 Olivia_Colman 541 1018
884 0829032 Ray_Stevenson 542 1019
949 0935664 Alex_Winter 543 1020
920 0904967 Lauren_Luna_Vélez 544 1022
581 0356017 Rebecca_Hall 545 1026
840 0758597 Mark_Salling 546 1028
440 0168262 Rory_Cochrane 547 1031
1260 1843026 Gillian_Jacobs 548 1032
1060 1209966 Oscar_Isaac 549 1037
16 0000202 Ryan_Phillippe 550 1038
1441 3006818 Analeigh_Tipton 551 1039
299 0005256 Bridget_Moynahan 552 1040
89 0000625 Fred_Savage 553 1046
135 0001092 Mark_Dacascos 554 1048
582 0356021 Regina_Hall 555 1049
287 0005182 Leslie_Mann 556 1051
1438 2955013 Liam_Hemsworth 557 1053
703 0570860 Rose_McIver 558 1056
405 0108287 Jordana_Brewster 559 1059
491 0245112 Clea_DuVall 560 1060
1265 1870434 Eleanor_Tomlinson 561 1061
301 0005261 Brittany_Murphy 562 1062
453 0182839 Marion_Cotillard 563 1065
27 0000270 Gabrielle_Anwar 564 1069
836 0751518 Wyatt_Russell 565 1070
902 0868219 Guillermo_del_Toro 566 1071
437 0159789 Hayden_Christensen 567 1073
363 0027572 Wes_Anderson 568 1074
1195 1588066 Robert_Sheehan 569 1075
970 0960912 Lyndsy_Fonseca 570 1078
506 0261170 Jennifer_Esposito 571 1079
1325 2129662 Cristin_Milioti 572 1080
517 0277213 Nathan_Fillion 573 1081
714 0587431 Ivana_Milicevic 574 1082
408 0111013 Adam_Brody 575 1084
1170 1519666 Eddie_Redmayne 576 1087
1406 2652716 Grant_Gustin 577 1089
1274 1901842 Dichen_Lachman 578 1090
266 0004999 Shawn_Hatosy 579 1095
975 0993507 Kat_Dennings 580 1097
56 0000477 Mia_Kirshner 581 1098
601 0383603 Freddie_Highmore 582 1102
320 0005392 Keri_Russell 583 1103
684 0532193 Matthew_Macfadyen 584 1104
39 0000389 Emilio_Estevez 585 1106
1452 3182094 Chris_Colfer 586 1107
1248 1769728 MyAnna_Buring 587 1112
341 0005533 Maitland_Ward 588 1113
46 0000415 Jami_Gertz 589 1114
731 0609845 Anson_Mount 590 1115
610 0396924 Carice_van_Houten 591 1116
52 0000451 Gaby_Hoffmann 592 1121
1229 1682420 Dustin_Milligan 593 1124
1242 1745019 Maggie_Siff 594 1131
1146 1433588 Jim_Parsons 595 1134
891 0839486 Ethan_Suplee 596 1137
442 0172558 Mo_Collins 597 1141
305 0005281 Jodi_Lyn_O'Keefe 598 1142
304 0005278 Jerry_O'Connell 599 1144
854 0785227 Andy_Serkis 600 1146
10 0000147 Colin_Firth 601 1147
183 0001614 Lori_Petty 602 1149
156 0001326 Josh_Hartnett 603 1150
1283 1944055 Lauren_Lapkus 604 1153
93 0000655 Eric_Stoltz 605 1154
1181 1551130 Keke_Palmer 606 1158
661 0500200 Chyler_Leigh 607 1159
4 0000119 Tia_Carrere 608 1164
808 0704270 Zachary_Quinto 609 1165
471 0199590 Brittany_Daniel 610 1166
1476 3762213 Shay_Mitchell 611 1167
12 0000166 Helen_Hunt 612 1172
670 0508356 Bingbing_Li 613 1173
955 0942247 Bonnie_Wright 614 1176
99 0000675 Jeanne_Tripplehorn 615 1179
1051 1185747 Cameron_Monaghan 616 1180
699 0567031 Helen_McCrory 617 1184
612 0400816 Miko_Hughes 618 1185
613 0401264 Michiel_Huisman 619 1186
165 0001491 Melanie_Lynskey 620 1189
388 0080524 Mayim_Bialik 621 1191
267 0005007 Jill_Hennessy 622 1192
700 0568180 Neal_McDonough 623 1194
368 0039148 Aaron_Ashmore 624 1202
81 0000593 Kelly_Preston 625 1203
924 0910278 Julie_Walters 626 1204
1270 1890784 Michelle_Dockery 627 1206
1294 1982510 Jenna_Coleman 628 1209
600 0380632 Damon_Herriman 629 1211
680 0524197 Josh_Lucas 630 1212
707 0572721 Zoe_McLellan 631 1213
1273 1900772 Jessie_Usher 632 1214
857 0790057 Alia_Shawkat 633 1215
966 0956526 Madeline_Zima 634 1218
1017 1102891 Kristen_Schaal 635 1219
535 0302108 Zach_Galifianakis 636 1223
1477 3772243 Theo_James 637 1231
217 0001882 Olivia_d'Abo 638 1232
790 0687146 Jesse_Plemons 639 1233
220 0002006 Thomas_Haden_Church 640 1239
1351 2279940 Taylor_Schilling 641 1244
1218 1659547 Carey_Mulligan 642 1246
928 0915989 Hugo_Weaving 643 1247
543 0313534 Melissa_George 644 1248
1132 1404824 Laura_Marano 645 1251
1372 2395937 Brooklyn_Decker 646 1256
1106 1330560 Garrett_Hedlund 647 1258
424 0137856 Amy_Carlson 648 1259
255 0004937 Jamie_Foxx 649 1260
717 0593310 Elizabeth_Mitchell 650 1261
679 0521507 Julie_Lott 651 1265
88 0000624 Laura_San_Giacomo 652 1266
66 0000524 Mary_Stuart_Masterson 653 1269
189 0001668 Kim_Richards 654 1270
503 0256121 Ethan_Embry 655 1271
1353 2301950 Dakota_Blue_Richards 656 1272
1390 2554352 T.J._Miller 657 1277
685 0532235 Seth_MacFarlane 658 1278
1267 1880888 Olivia_Thirlby 659 1281
309 0005311 Busy_Philipps 660 1284
833 0749081 Sara_Rue 661 1286
193 0001710 David_Schwimmer 662 1289
1412 2686262 Colton_Haynes 663 1291
916 0892383 Patricia_Velasquez 664 1292
534 0301959 Johnny_Galecki 665 1294
537 0303073 Melissa_Fumero 666 1297
1491 4296357 Blake_Jenner 667 1300
1337 2218397 Denyse_Tontz 668 1301
480 0226813 Garret_Dillahunt 669 1302
208 0001804 Stanley_Tucci 670 1305
479 0225332 Kim_Dickens 671 1306
24 0000225 Christian_Slater 672 1311
895 0852132 Christine_Taylor 673 1316
863 0801051 Jimmi_Simpson 674 1318
277 0005060 Kristen_Johnston 675 1319
446 0177639 Jennifer_Coolidge 676 1320
580 0355910 Michael_C._Hall 677 1321
516 0272706 Jodelle_Ferland 678 1322
60 0000498 Matthew_Lillard 679 1324
1133 1404825 Vanessa_Marano 680 1325
965 0955471 Ziyi_Zhang 681 1334
272 0005026 Kelly_Hu 682 1336
57 0000480 Elias_Koteas 683 1337
843 0765597 Peter_Sarsgaard 684 1343
3 0000117 Neve_Campbell 685 1344
568 0342241 Scott_Grimes 686 1346
146 0001223 Lara_Flynn_Boyle 687 1347
1282 1942207 China_Anne_McClain 688 1348
645 0453115 Taran_Killam 689 1349
391 0085407 Lucas_Black 690 1350
756 0646351 Larisa_Oleynik 691 1351
1480 3843467 Odeya_Rush 692 1352
775 0664175 Jessica_Paré 693 1354
821 0729369 Naya_Rivera 694 1355
687 0532683 Gabriel_Macht 695 1356
572 0348152 Anna_Gunn 696 1357
124 0001029 Jim_Caviezel 697 1359
1057 1204760 Kevin_Alejandro 698 1360
1030 1137209 Tatiana_Maslany 699 1361
1425 2832695 Deborah_Ann_Woll 700 1366
627 0426059 Rian_Johnson 701 1367
668 0507073 Damian_Lewis 702 1369
906 0878768 Aisha_Tyler 703 1370
196 0001722 Rufus_Sewell 704 1371
354 0012078 Scott_Adkins 705 1372
826 0742146 Michael_Rosenbaum 706 1373
41 0000397 Corey_Feldman 707 1375
254 0004936 Ben_Foster 708 1380
311 0005321 Monica_Potter 709 1381
269 0005016 Alexandra_Holden 710 1382
954 0941777 Sam_Worthington 711 1384
420 0134072 Bobby_Cannavale 712 1385
1069 1221906 Jessica_Szohr 713 1389
564 0339011 Max_Greenfield 714 1391
1004 1078479 John_Cena 715 1394
1358 2314596 Maia_Mitchell 716 1395
819 0726360 Beth_Riesgraf 717 1398
959 0947338 Anton_Yelchin 718 1399
763 0652089 Emily_Osment 719 1401
281 0005123 Ali_Larter 720 1402
84 0000611 Ariana_Richards 721 1403
614 0403134 Sam_Huntington 722 1405
33 0000332 Don_Cheadle 723 1407
69 0000529 Debi_Mazar 724 1408
1142 1425528 Aly_Michalka 725 1414
83 0000610 Giovanni_Ribisi 726 1420
1230 1683768 Beau_Garrett 727 1421
984 1018488 Wendi_McLendon-Covey 728 1422
465 0196654 Daniel_Dae_Kim 729 1423
1203 1602660 Ben_Barnes 730 1424
142 0001151 Stephen_Dorff 731 1427
640 0444786 Tom_Kenny 732 1429
72 0000539 Dina_Meyer 733 1430
435 0154226 Justin_Chatwin 734 1431
71 0000535 Rose_McGowan 735 1432
1342 2240326 Avan_Jogia 736 1433
1164 1494168 Angela_Sarafyan 737 1434
764 0652663 Patton_Oswalt 738 1435
1357 2313103 Rebel_Wilson 739 1437
35 0000349 Joan_Cusack 740 1438
1019 1111968 Alexa_Davalos 741 1440
1460 3432881 Chord_Overstreet 742 1441
166 0001494 Ralph_Macchio 743 1442
236 0004741 Camilla_Belle 744 1443
1053 1194672 Julie_Gonzalo 745 1444
1295 1985859 Mia_Wasikowska 746 1446
665 0503567 Logan_Lerman 747 1449
682 0528331 Jane_Lynch 748 1450
172 0001538 Jonny_Lee_Miller 749 1451
67 0000525 Heather_Matarazzo 750 1452
351 0009918 Amy_Acker 751 1453
1111 1351987 Alyson_Stoner 752 1454
905 0876958 Paige_Turco 753 1455
352 0010075 Jensen_Ackles 754 1456
598 0378245 Taraji_P._Henson 755 1457
73 0000551 Dermot_Mulroney 756 1458
771 0662504 Molly_Parker 757 1461
604 0388382 Tyler_Hoechlin 758 1465
1387 2541974 Jai_Courtney 759 1468
375 0056187 Sacha_Baron_Cohen 760 1470
648 0471036 Kristin_Kreuk 761 1474
251 0004912 Oded_Fehr 762 1475
496 0249291 Joel_Edgerton 763 1476
492 0247753 Dina_Eastwood 764 1478
1215 1641251 Riki_Lindhome 765 1479
1173 1526352 Jaimie_Alexander 766 1480
765 0654110 Clive_Owen 767 1482
1140 1419440 Ivana_Baquero 768 1485
1213 1641117 Alex_Pettyfer 769 1488
845 0774386 Matthias_Schoenaerts 770 1491
1333 2197298 Katrina_Bowden 771 1492
216 0001879 Daphne_Zuniga 772 1493
1468 3538539 Gabriella_Wilde 773 1495
853 0784818 Peter_Serafinowicz 774 1497
787 0683467 Alison_Pill 775 1500
487 0240043 Anne_Dudek 776 1502
429 0148418 Michael_Cera 777 1506
1104 1318596 Jemaine_Clement 778 1508
758 0647698 Kaitlin_Olson 779 1510
161 0001435 Lisa_Kudrow 780 1512
501 0253705 Christine_Elise 781 1514
1007 1085051 Santiago_Cabrera 782 1518
1299 2003229 Chelsea_Peretti 783 1519
677 0519043 Justin_Long 784 1521
741 0628120 Jaime_Ray_Newman 785 1522
638 0440229 Vincent_Kartheiser 786 1523
140 0001131 Patrick_Dempsey 787 1526
1297 1997689 Mercedes_Mason 788 1530
850 0781238 Amy_Sedaris 789 1534
331 0005485 Tiffani_Thiessen 790 1535
1380 2443758 Nicola_Peltz 791 1538
716 0589505 Wentworth_Miller 792 1539
171 0001527 Elizabeth_McGovern 793 1540
1036 1148573 Colin_Egglesfield 794 1542
154 0001293 Seth_Green 795 1544
772 0662519 Nicole_Ari_Parker 796 1545
1271 1897713 Katharine_McPhee 797 1547
1315 2086223 India_Eisley 798 1548
562 0334179 Lauren_Graham 799 1549
340 0005532 Kate_Walsh 800 1553
1135 1411125 Selena_Gomez 801 1554
663 0502342 Bethany_Joy_Lenz 802 1556
760 0648486 Timothy_Omundson 803 1557
402 0101799 Jenna_Boyd 804 1559
932 0922035 Dominic_West 805 1560
1323 2121541 Evanna_Lynch 806 1562
1240 1737500 Katy_Mixon 807 1563
459 0191412 Rory_Culkin 808 1566
400 0098378 Kate_Bosworth 809 1567
463 0194516 Matt_Czuchry 810 1573
619 0410622 Katharine_Isabelle 811 1574
398 0095751 Lindy_Booth 812 1575
660 0498956 Rachelle_Lefevre 813 1576
998 1056659 John_Oliver 814 1577
595 0374865 Simon_Helberg 815 1579
105 0000708 Billy_Zane 816 1582
1095 1290102 Gwendoline_Yeo 817 1583
521 0281107 Tommy_Flanagan 818 1584
1408 2666409 RJ_Mitte 819 1588
791 0688132 Amy_Poehler 820 1589
1220 1663205 Sharlto_Copley 821 1591
274 0005045 Joshua_Jackson 822 1596
1127 1396022 Anna_Torv 823 1597
1042 1164730 Natalia_Tena 824 1598
1149 1443740 Zoe_Kazan 825 1599
657 0491259 Mélanie_Laurent 826 1602
1032 1140666 Patrick_J._Adams 827 1606
861 0797464 Jamie-Lynn_Sigler 828 1607
673 0514228 Peyton_List 829 1608
794 0692677 Tyler_Posey 830 1610
694 0543383 Taryn_Manning 831 1614
131 0001082 Billy_Crudup 832 1620
90 0000630 Liev_Schreiber 833 1623
332 0005489 Courtney_Thorne-Smith 834 1625
546 0316079 Paul_Giamatti 835 1627
958 0942792 Sarah_Wright 836 1631
586 0364583 Danielle_Harris 837 1632
883 0827170 Toby_Stephens 838 1633
852 0781981 Jason_Segel 839 1634
755 0644897 Sandra_Oh 840 1637
1416 2757333 Bella_Heathcote 841 1638
494 0248461 Megalyn_Echikunwoke 842 1639
14 0000183 Traci_Lords 843 1641
647 0456186 Luke_Kirby 844 1643
395 0092961 Sarah_Bolger 845 1647
1259 1842439 Victoria_Justice 846 1650
82 0000605 Brad_Renfro 847 1653
705 0571160 Gina_McKee 848 1654
1234 1717152 Jackson_Rathbone 849 1661
159 0001392 Peter_Jackson 850 1662
847 0776040 Amanda_Schull 851 1664
943 0931324 Michael_Kenneth_Williams 852 1667
1136 1411676 Mindy_Kaling 853 1668
530 0293509 Martin_Freeman 854 1669
106 0000725 Joey_Lauren_Adams 855 1670
927 0915762 Michael_Weatherly 856 1671
1158 1473267 Willa_Holland 857 1673
180 0001605 Amanda_Peet 858 1675
956 0942367 Edgar_Wright 859 1678
617 0406975 Rhys_Ifans 860 1680
1335 2207222 Scott_Eastwood 861 1683
950 0935721 Eric_Winter 862 1686
725 0603413 Marguerite_Moreau 863 1692
974 0993242 Clémence_Poésy 864 1693
441 0170186 Enrico_Colantoni 865 1695
1121 1388927 Miranda_Cosgrove 866 1696
379 0059431 Jay_Baruchel 867 1698
248 0004883 Tate_Donovan 868 1700
223 0002127 Mariska_Hargitay 869 1701
292 0005211 Danica_McKellar 870 1702
1058 1204778 Matt_Barr 871 1703
1389 2551311 Lotte_Verbeek 872 1710
302 0005272 Thomas_Ian_Nicholas 873 1712
514 0271657 Tom_Felton 874 1713
87 0000619 Tim_Roth 875 1714
837 0752407 Amy_Ryan 876 1715
377 0058581 Justin_Bartha 877 1718
566 0340067 Tamsin_Greig 878 1719
37 0000381 Anthony_Edwards 879 1721
797 0696387 Carrie_Preston 880 1722
406 0108295 Paget_Brewster 881 1723
570 0344435 Ioan_Gruffudd 882 1729
832 0748973 Maya_Rudolph 883 1732
815 0716347 Nicolas_Winding_Refn 884 1734
651 0478762 Katherine_LaNasa 885 1735
1396 2581521 Austin_Butler 886 1739
798 0697044 Megyn_Price 887 1740
261 0004978 Adrian_Grenier 888 1741
629 0427963 Dot-Marie_Jones 889 1743
1150 1444665 Jaime_Murray 890 1745
51 0000439 Neil_Patrick_Harris 891 1746
488 0241049 Josh_Duhamel 892 1748
205 0001794 Henry_Thomas 893 1750
371 0048932 Simon_Baker 894 1751
1050 1183149 Edgar_Ramírez 895 1752
805 0702841 Jonathan_Ke_Quan 896 1754
1161 1483369 Chris_O'Dowd 897 1755
1317 2091145 Cheyenne_Jackson 898 1756
800 0700577 Lucy_Punch 899 1758
781 0671567 Michael_Peña 900 1762
634 0429363 Toby_Jones 901 1767
38 0000383 Jennifer_Ehle 902 1770
1361 2322853 Claire_Holt 903 1771
603 0388038 Aldis_Hodge 904 1775
43 0000405 Michelle_Forbes 905 1776
141 0001147 Shannen_Doherty 906 1777
370 0046112 Penn_Badgley 907 1779
1185 1564087 Jenna_Dewan_Tatum 908 1781
252 0004922 Schuyler_Fisk 909 1782
904 0876805 James_Tupper 910 1783
275 0005048 Thomas_Jane 911 1785
825 0737533 Elisabeth_Röhm 912 1787
1434 2933542 Boyd_Holbrook 913 1788
291 0005203 Mary_McCormack 914 1793
602 0386472 Emile_Hirsch 915 1796
384 0069079 Troian_Bellisario 916 1800
174 0001550 Cathy_Moriarty 917 1804
397 0095561 Mika_Boorem 918 1805
434 0153855 Will_Chase 919 1807
1040 1159180 Ed_Helms 920 1809
1475 3747326 Nicki_Minaj 921 1810
1035 1146916 Eliza_Bennett 922 1813
63 0000506 Julia_Louis-Dreyfus 923 1814
26 0000240 Skeet_Ulrich 924 1815
1153 1456970 Isabel_Lucas 925 1819
1174 1526554 Angela_Kinsey 926 1820
495 0249046 Lisa_Edelstein 927 1821
747 0635139 Jeffrey_Nordling 928 1824
1189 1568512 Christa_B._Allen 929 1826
1117 1377375 Rachel_Bilson 930 1827
1027 1131557 Matthew_Gray_Gubler 931 1830
658 0492932 Matthew_Lawrence 932 1831
68 0000526 Samantha_Mathis 933 1833
458 0190744 Marton_Csokas 934 1837
813 0713389 Tania_Raymonde 935 1838
91 0000648 Wesley_Snipes 936 1839
1400 2610277 Haley_Pullos 937 1840
1167 1506908 Talulah_Riley 938 1842
45 0000413 Janeane_Garofalo 939 1843
457 0189144 David_Cross 940 1845
1278 1925239 Jack_O'Connell 941 1846
708 0575216 Derek_Mears 942 1847
96 0000667 David_Thewlis 943 1848
244 0004787 Saffron_Burrows 944 1850
80 0000588 Martha_Plimpton 945 1853
1421 2798112 Allison_Tolman 946 1860
1141 1423955 Lucy_Hale 947 1863
28 0000284 Adam_Baldwin 948 1867
889 0837177 Jason_Sudeikis 949 1868
942 0931090 Kimberly_Williams-Paisley 950 1872
432 0151419 Kyle_Chandler 951 1873
65 0000521 Sophie_Marceau 952 1874
1031 1140300 Jessica_Lucas 953 1875
313 0005342 Norman_Reedus 954 1878
801 0700856 James_Purefoy 955 1882
101 0000695 Joanne_Whalley 956 1883
649 0472710 David_Krumholtz 957 1886
589 0365140 Naomie_Harris 958 1887
1138 1416330 Jake_McDorman 959 1889
761 0651159 John_Ortiz 960 1890
768 0659544 Archie_Panjabi 961 1891
529 0292182 Laura_Fraser 962 1896
290 0005194 Danny_Masterson 963 1898
1494 4446467 Tye_Sheridan 964 1900
701 0568390 Rob_McElhenney 965 1902
1367 2366079 Bob_Morley 966 1904
369 0039162 Shawn_Ashmore 967 1906
1022 1122026 Hilarie_Burton 968 1907
1348 2255288 Eliza_Coupe 969 1910
399 0097504 Alex_Borstein 970 1911
551 0322513 Iain_Glen 971 1915
1232 1715118 AnnaLynne_McCord 972 1920
100 0000680 Casper_Van_Dien 973 1922
778 0668139 Sara_Paxton 974 1924
231 0004376 Franka_Potente 975 1925
1084 1268158 Dania_Ramirez 976 1926
1222 1670029 Rupert_Friend 977 1927
1157 1472917 Zach_Gilford 978 1931
364 0029400 Michael_Angarano 979 1933
1112 1356578 J.B._Smoove 980 1935
415 0121026 Candace_Cameron_Bure 981 1936
327 0005447 Leelee_Sobieski 982 1939
1216 1645313 Chris_Lowell 983 1940
468 0197855 John_Francis_Daley 984 1944
702 0570364 Joel_McHale 985 1947
1256 1821410 Chloe_Bridges 986 1948
923 0909144 David_Walliams 987 1949
1055 1199888 Sasha_Pieterse 988 1953
1263 1854386 Stephen_Amell 989 1954
345 0005576 Drea_de_Matteo 990 1957
1123 1392388 Elodie_Yung 991 1958
34 0000346 Macaulay_Culkin 992 1959
659 0493279 Maggie_Lawson 993 1961
681 0526019 Diego_Luna 994 1963
431 0150362 Justin_Chambers 995 1964
1309 2055623 Lili_Mirojnick 996 1968
473 0206359 Charlie_Day 997 1969
443 0174021 Scout_Taylor-Compton 998 1971
312 0005327 Freddie_Prinze_Jr. 999 1980
427 0141931 Sarah_Carter 1000 1982
807 0703939 Molly_C._Quinn 1001 1987
289 0005191 Paula_Marshall 1002 1989
1250 1779870 Brit_Marling 1003 1990
257 0004959 Thomas_Gibson 1004 1991
130 0001068 Sofia_Coppola 1005 1992
1298 2002649 Dave_Franco 1006 1994
111 0000793 Alexis_Arquette 1007 1995
472 0200452 Paul_Dano 1008 1996
1200 1595801 Alyssa_Diaz 1009 1997
411 0115760 Amanda_Brugel 1010 1999
1285 1950086 Greta_Gerwig 1011 2000
1359 2319871 Anna_Camp 1012 2002
285 0005134 Jason_Lee 1013 2003
767 0655585 Jared_Padalecki 1014 2005
788 0684877 Billie_Piper 1015 2006
1457 3358233 Ashley_Hinshaw 1016 2007
49 0000433 Corey_Haim 1017 2010
1109 1340638 Ricky_Whittle 1018 2013
1478 3812858 Ariana_Grande 1019 2014
1182 1553725 Kellan_Lutz 1020 2017
1253 1789970 Addison_Timlin 1021 2020
671 0511088 Andrew_Lincoln 1022 2022
588 0364977 Laura_Harris 1023 2023
926 0915637 Sarah_Wayne_Callies 1024 2025
711 0580351 Stephen_Merchant 1025 2029
542 0310966 Ari_Graynor 1026 2030
150 0001272 Annabeth_Gish 1027 2033
107 0000729 Casey_Affleck 1028 2034
734 0613147 Lochlyn_Munro 1029 2035
328 0005454 Scott_Speedman 1030 2036
1414 2719825 Oliver_Jackson-Cohen 1031 2038
11 0000159 Teri_Hatcher 1032 2039
359 0020739 Krista_Allen 1033 2043
324 0005420 Marley_Shelton 1034 2051
1350 2265157 Isabelle_Fuhrman 1035 2055
259 0004971 Mark-Paul_Gosselaar 1036 2056
409 0111639 Kelly_Brook 1037 2058
265 0004993 Desmond_Harrington 1038 2059
115 0000881 Michael_Bay 1039 2061
235 0004716 Darren_Aronofsky 1040 2062
1191 1569714 Erica_Cerra 1041 2063
365 0029502 Vanessa_Angel 1042 2065
95 0000663 Dominique_Swain 1043 2068
540 0305272 JoAnna_Garcia_Swisher 1044 2070
1081 1261997 Justin_Hartley 1045 2076
1330 2177528 Kate_Micucci 1046 2077
1394 2570429 Jamie_Campbell_Bower 1047 2078
622 0421822 Ken_Jeong 1048 2079
887 0836121 Michael_Stuhlbarg 1049 2080
214 0001845 Forest_Whitaker 1050 2081
888 0836343 Jim_Sturgess 1051 2083
350 0009190 J.J._Abrams 1052 2092
1393 2569832 Camilla_Luddington 1053 2094
176 0001575 Tatum_O'Neal 1054 2095
718 0593664 Radha_Mitchell 1055 2097
1410 2679917 Nick_Jonas 1056 2101
1334 2202521 Madison_Pettis 1057 2106
977 1002641 Dominic_Cooper 1058 2109
1293 1981893 Riz_Ahmed 1059 2115
253 0004930 Scott_Foley 1060 2116
474 0211087 Emilie_de_Ravin 1061 2118
502 0254402 Chris_Elliott 1062 2121
1021 1119462 Amanda_Righetti 1063 2123
268 0005009 Laura_Harring 1064 2126
953 0940851 D.B._Woodside 1065 2127
890 0838911 Jeremy_Sumpter 1066 2128
810 0707476 Mary_Lynn_Rajskub 1067 2129
1210 1634832 Christopher_Backus 1068 2131
527 0289656 James_Frain 1069 2132
219 0002004 Sarita_Choudhury 1070 2133
1300 2003700 Chace_Crawford 1071 2135
1125 1395532 Joseph_Gatt 1072 2136
407 0110168 Connie_Britton 1073 2140
430 0149950 Sarah_Chalke 1074 2141
992 1033193 Mageina_Tovah 1075 2143
1407 2655177 Caleb_Landry_Jones 1076 2144
385 0069109 Gina_Bellman 1077 2148
1013 1097351 Glenn_Howerton 1078 2150
392 0085860 Paul_Blackthorne 1079 2153
1366 2362068 Caity_Lotz 1080 2155
964 0954225 Kevin_Zegers 1081 2159
475 0219292 David_Denman 1082 2162
1318 2092545 Bobby_Campo 1083 2164
1099 1309643 Claire_Coffee 1084 2166
789 0685856 Michael_Pitt 1085 2167
873 0811583 Zack_Snyder 1086 2169
229 0003779 Alessandra_Torresani 1087 2173
448 0178870 Alicia_Coppola 1088 2175
753 0644022 Bob_Odenkirk 1089 2177
935 0923736 Joss_Whedon 1090 2179
1172 1524440 Colin_O'Donoghue 1091 2180
455 0186728 Clayne_Crawford 1092 2181
1033 1144419 Danny_McBride 1093 2184
201 0001752 Steven_Soderbergh 1094 2188
342 0005541 Marlon_Wayans 1095 2189
362 0026364 Anthony_Anderson 1096 2190
922 0908914 Dee_Wallace 1097 2191
1311 2064412 Robbie_Amell 1098 2192
1272 1900397 Sutton_Foster 1099 2197
1064 1214435 Charlie_Cox 1100 2199
451 0182455 Paulo_Costanzo 1101 2204
114 0000868 Justine_Bateman 1102 2205
1193 1580243 Cote_de_Pablo 1103 2207
1241 1741002 Matt_Smith 1104 2210
1009 1089685 Vanessa_Ferlito 1105 2212
710 0579953 Idina_Menzel 1106 2214
733 0611295 Michael_Muhney 1107 2218
485 0232998 Jeffrey_Donovan 1108 2219
148 0001250 Charlotte_Gainsbourg 1109 2220
545 0315041 Ricky_Gervais 1110 2221
721 0597410 Taylor_Momsen 1111 2222
1214 1641140 Clive_Standen 1112 2227
557 0330913 Christopher_Gorham 1113 2229
1254 1796057 Max_Irons 1114 2232
215 0001863 Kari_Wuhrer 1115 2236
968 0957772 Rob_Zombie 1116 2237
298 0005255 Tamera_Mowry-Housley 1117 2238
652 0478886 Ana_de_la_Reguera 1118 2239
1151 1446779 Luke_Mitchell 1119 2240
347 0006878 Michael_B._Silver 1120 2241
445 0174819 Michaela_Conlin 1121 2242
999 1057932 Jonathan_Bennett 1122 2244
621 0421332 Ashley_Jensen 1123 2248
688 0532900 Martha_MacIsaac 1124 2253
1023 1126657 George_MacKay 1125 2254
207 0001802 Nancy_Travis 1126 2255
830 0746896 Richard_Roxburgh 1127 2264
1155 1466221 Chelsea_Kane 1128 2265
367 0032375 Shiri_Appleby 1129 2270
636 0435323 Bianca_Kajlich 1130 2271
804 0702809 DJ_Qualls 1131 2272
1114 1360860 Rich_Sommer 1132 2276
994 1041023 Navid_Negahban 1133 2277
336 0005519 Wilmer_Valderrama 1134 2281
1448 3127051 Olivia_Holt 1135 2282
1148 1443644 Megan_Boone 1136 2288
1485 3925786 Anthony_Alabi 1137 2292
75 0000563 Chris_O'Donnell 1138 2293
985 1020036 Alexandra_Breckenridge 1139 2296
1001 1065229 America_Ferrera 1140 2297
1268 1882929 Liana_Liberato 1141 2298
591 0366106 Margo_Harshman 1142 2301
563 0334561 Spencer_Grammer 1143 2302
986 1020089 Sally_Hawkins 1144 2305
337 0005520 Amber_Valletta 1145 2306
444 0174403 Kerry_Condon 1146 2307
691 0541082 Zosia_Mamet 1147 2308
1371 2395586 Christopher_Mintz-Plasse 1148 2310
1461 3444884 Katie_Wilson 1149 2314
1088 1270009 Genesis_Rodriguez 1150 2315
243 0004770 David_Boreanaz 1151 2318
1080 1261587 Kelly_Stables 1152 2320
793 0691600 Anna_Popplewell 1153 2321
608 0391326 Josh_Holloway 1154 2322
303 0005273 Alessandro_Nivola 1155 2324
103 0000703 BD_Wong 1156 2325
901 0864308 Ashley_Tisdale 1157 2327
462 0193738 Henry_Ian_Cusick 1158 2328
662 0501837 Vanessa_Lengies 1159 2331
1179 1543157 Taylor_Cole 1160 2333
469 0199215 Hugh_Dancy 1161 2334
77 0000574 Jason_Patric 1162 2335
1071 1229204 Nadine_Velazquez 1163 2338
870 0809938 Shawnee_Smith 1164 2345
911 0890055 Indira_Varma 1165 2346
315 0005355 Alfonso_Ribeiro 1166 2348
525 0288976 Emilia_Fox 1167 2349
782 0671980 Kal_Penn 1168 2352
70 0000530 Andrew_McCarthy 1169 2353
493 0247754 Francesca_Eastwood 1170 2354
234 0004715 Will_Arnett 1171 2361
548 0319698 Jessalyn_Gilsig 1172 2364
561 0334159 Kat_Graham 1173 2365
869 0809049 Lauren_Lee_Smith 1174 2366
1228 1679802 Malese_Jow 1175 2368
1089 1270095 Allison_Scagliotti 1176 2370
828 0744834 Eli_Roth 1177 2372
129 0001061 Holly_Marie_Combs 1178 2373
98 0000672 Meg_Tilly 1179 2376
766 0654295 Alfie_Allen 1180 2377
951 0935921 Dean_Winters 1181 2378
202 0001770 Fisher_Stevens 1182 2379
641 0446465 Jean_Louisa_Kelly 1183 2381
380 0066664 Leslie_Bega 1184 2382
1037 1156709 Annie_Wersching 1185 2383
466 0197354 Elizabeth_Daily 1186 2384
149 0001261 Rebecca_Gayheart 1187 2387
1403 2645189 Shelley_Hennig 1188 2388
676 0518715 Jason_London 1189 2391
783 0674782 Harold_Perrineau 1190 2392
823 0734442 James_Roday 1191 2394
1331 2185462 Charlie_Rowe 1192 2395
945 0932454 Rumer_Willis 1193 2398
1329 2174090 Scottie_Thompson 1194 2401
809 0706787 Aishwarya_Rai_Bachchan 1195 2406
152 0001282 Tony_Goldwyn 1196 2412
1391 2560043 Adelaide_Kane 1197 2413
1496 4535518 Mindy_Robinson 1198 2416
1495 4478322 Kate_Upton 1199 2417
672 0512934 Hamish_Linklater 1200 2420
61 0000500 Richard_Linklater 1201 2421
969 0957909 Ayelet_Zurer 1202 2422
1187 1566486 Danneel_Ackles 1203 2424
412 0117022 Zachery_Ty_Bryan 1204 2425
1014 1098493 Rawson_Marshall_Thurber 1205 2436
1196 1589312 Christian_Serratos 1206 2437
1206 1628079 Leven_Rambin 1207 2443
550 0322416 Jack_Gleeson 1208 2444
1490 4178979 Chrissy_Teigen 1209 2445
590 0365445 Wood_Harris 1210 2446
910 0889846 Jacob_Vargas 1211 2447
467 0197647 James_Badge_Dale 1212 2450
559 0331577 Luke_Goss 1213 2452
190 0001670 Natasha_Richardson 1214 2453
138 0001111 Jeremy_Davies 1215 2458
197 0001729 Craig_Sheffer 1216 2464
1101 1311329 Eden_Sher 1217 2465
1065 1216008 Jay_Ryan 1218 2466
878 0818055 Octavia_Spencer 1219 2468
54 0000459 Timothy_Hutton 1220 2469
812 0710829 Anthony_Rapp 1221 2471
1352 2288842 Michaela_McManus 1222 2474
78 0000575 Alexandra_Paul 1223 2477
1447 3117836 Aaron_Tveit 1224 2480
374 0054697 Ike_Barinholtz 1225 2481
227 0003115 Christine_Lakin 1226 2482
990 1032208 Autumn_Reeser 1227 2487
1375 2403277 Alden_Ehrenreich 1228 2489
632 0428591 Lil'_Kim 1229 2490
1015 1102140 Josh_Radnor 1230 2491
528 0291404 Diane_Franklin 1231 2492
896 0852569 Jennifer_Taylor 1232 2496
1445 3037833 Eloise_Mumford 1233 2497
1354 2304722 Charlyne_Yi 1234 2499
326 0005441 Lindsay_Sloane 1235 2500
723 0601041 Christina_Moore 1236 2501
438 0163988 Clark_Gregg 1237 2502
1224 1670886 Travis_Van_Winkle 1238 2503
957 0942482 Jeffrey_Wright 1239 2504
1154 1466205 Caitlin_Stasey 1240 2508
394 0091553 Andrea_Bogart 1241 2511
894 0851582 Audrey_Tautou 1242 2512
1076 1247407 Julia_Jones 1243 2513
989 1027847 Samaire_Armstrong 1244 2514
484 0231436 Dagmara_Dominczyk 1245 2518
1355 2306701 Javier_Botet 1246 2520
366 0031976 Judd_Apatow 1247 2526
1383 2492819 Rosie_Huntington-Whiteley 1248 2528
866 0805476 John_Slattery 1249 2530
376 0057150 Jacinda_Barrett 1250 2531
260 0004977 Brian_Austin_Green 1251 2532
1190 1569067 Wilson_Bethel 1252 2533
573 0348181 James_Gunn 1253 2535
664 0502425 Melissa_Leo 1254 2536
387 0071847 Manu_Bennett 1255 2537
1204 1616349 Dave_Annable 1256 2538
117 0000892 Jason_Beghe 1257 2541
1482 3912822 Danika_Yarosh 1258 2545
145 0001218 Sean_Patrick_Flanery 1259 2548
1226 1679669 Rosemarie_DeWitt 1260 2559
752 0641354 Denis_O'Hare 1261 2563
1382 2471798 Kunal_Nayyar 1262 2565
1162 1483948 Porscha_Coleman 1263 2566
1439 2959880 Colin_Morgan 1264 2569
1122 1390614 Jennette_McCurdy 1265 2570
1096 1291227 Moon_Bloodgood 1266 2574
284 0005129 Joey_Lawrence 1267 2576
413 0120410 Laura_Bell_Bundy 1268 2577
987 1022429 Sam_Witwer 1269 2578
936 0924154 Shea_Whigham 1270 2579
914 0891863 Makenzie_Vega 1271 2580
1346 2251731 Aya_Cash 1272 2581
1083 1265067 50_Cent 1273 2586
1118 1377561 Laura_Ramsey 1274 2590
811 0708381 Sara_Ramirez 1275 2593
144 0001176 Nicole_Eggert 1276 2595
1466 3515425 Ross_Lynch 1277 2597
256 0004941 Soleil_Moon_Frye 1278 2599
596 0376602 Shirley_Henderson 1279 2600
893 0850102 Amanda_Tapping 1280 2601
730 0608440 William_Moseley 1281 2602
1246 1760272 Margarita_Levieva 1282 2604
1276 1910255 Dylan_Minnette 1283 2605
1292 1974920 Scott_Michael_Foster 1284 2606
933 0922342 Shane_West 1285 2609
848 0779084 Dougray_Scott 1286 2610
344 0005561 Luke_Wilson 1287 2616
1417 2792296 Sonequa_Martin-Green 1288 2617
1034 1145983 B.J._Novak 1289 2618
1291 1970465 Kristofer_Hivju 1290 2621
242 0004761 Rachel_Blanchard 1291 2623
151 0001281 Bobcat_Goldthwait 1292 2625
258 0004965 Adam_Goldberg 1293 2626
1079 1260407 Felicia_Day 1294 2629
237 0004743 Gil_Bellows 1295 2630
918 0898546 Pruitt_Taylor_Vince 1296 2632
1312 2067953 Ed_Westwick 1297 2634
310 0005315 Jeremy_Piven 1298 2635
286 0005151 Jonathan_Lipnicki 1299 2636
1046 1175262 Brooke_D'Orsay 1300 2638
1343 2240346 Kodi_Smit-McPhee 1301 2639
727 0604784 Joseph_Morgan 1302 2640
1048 1177914 Megan_Park 1303 2642
461 0193295 Cliff_Curtis 1304 2648
1212 1640279 Michael_Rady 1305 2654
1075 1245863 Rafe_Spall 1306 2655
1404 2650819 Adèle_Exarchopoulos 1307 2657
675 0515296 Ron_Livingston 1308 2658
160 0001398 Jenna_Jameson 1309 2659
194 0001711 Annabella_Sciorra 1310 2660
323 0005416 Vinessa_Shaw 1311 2664
628 0427489 Angus_T._Jones 1312 2665
1296 1997596 Steven_R._McQueen 1313 2667
218 0001993 Vincent_Cassel 1314 2669
139 0001116 Warwick_Davis 1315 2670
404 0105672 Andre_Braugher 1316 2671
6 0000141 David_Duchovny 1317 2672
184 0001617 Lou_Diamond_Phillips 1318 2673
980 1011812 Diane_Neal 1319 2674
1431 2916225 Jena_Sims 1320 2679
1415 2734807 Justine_Cotsonas 1321 2680
321 0005403 Jason_Schwartzman 1322 2681
1197 1591496 Mike_Colter 1323 2682
576 0354157 Leisha_Hailey 1324 2683
773 0663469 Lana_Parrilla 1325 2684
770 0661755 Annie_Parisse 1326 2686
971 0972851 Luke_Benward 1327 2691
827 0744331 Theo_Rossi 1328 2696
199 0001741 Bryan_Singer 1329 2697
136 0001107 Stacey_Dash 1330 2704
655 0486728 Brooke_Langton 1331 2705
464 0195439 James_D'Arcy 1332 2707
606 0390229 Laurie_Holden 1333 2710
751 0640488 Renée_O'Connor 1334 2711
250 0004906 Peter_Facinelli 1335 2712
433 0153738 Daveigh_Chase 1336 2714
358 0015935 Lori_Alan 1337 2715
532 0296545 Nick_Frost 1338 2726
264 0004990 Angie_Harmon 1339 2729
1305 2024927 Alan_Ritchson 1340 2732
976 0996669 Common 1341 2734
538 0304801 Romola_Garai 1342 2738
693 0542759 Gabriel_Mann 1343 2741
185 0001631 Sarah_Polley 1344 2744
209 0001824 Ally_Walker 1345 2745
1313 2079733 Daniela_Ruah 1346 2749
872 0810619 Jurnee_Smollett-Bell 1347 2752
1211 1634944 Mary_Elizabeth_Ellis 1348 2756
249 0004895 David_James_Elliott 1349 2758
1418 2793591 Astrid_Bergès-Frisbey 1350 2759
486 0237711 Sarah_Drew 1351 2760
47 0000420 Valeria_Golino 1352 2761
170 0001517 Catherine_McCormack 1353 2763
806 0703747 Aileen_Quinn 1354 2765
489 0242882 Max_Martini 1355 2767
962 0951420 William_Zabka 1356 2768
1378 2422305 Emilie_Ullerup 1357 2773
425 0139936 Ever_Carradine 1358 2775
704 0570912 Adam_McKay 1359 2783
779 0669656 Ethan_Peck 1360 2784
643 0451321 Shah_Rukh_Khan 1361 2786
1363 2340248 Sasha_Grey 1362 2789
1362 2336135 Kendall_Ryan_Sanders 1363 2790
343 0005543 Victor_Webster 1364 2791
449 0179479 James_Corden 1365 2794
1233 1715194 Anita_Briem 1366 2798
1238 1725848 Joe_Anderson 1367 2803
934 0923266 Merritt_Wever 1368 2804
898 0855564 Lee_Tergesen 1369 2807
686 0532461 Justina_Machado 1370 2808
1098 1302735 Max_Thieriot 1371 2809
1077 1248393 Rachel_Hurd-Wood 1372 2812
339 0005531 Donnie_Wahlberg 1373 2815
1102 1312566 Kari_Wahlgren 1374 2816
357 0015382 Adewale_Akinnuoye-Agbaje 1375 2817
1290 1968873 Ed_Speleers 1376 2819
372 0050156 Eric_Balfour 1377 2821
900 0858776 Eddie_Kaye_Thomas 1378 2823
978 1004211 Alana_De_La_Garza 1379 2824
507 0261595 Charles_Esten 1380 2827
696 0547800 Ken_Marino 1381 2829
279 0005101 Harmony_Korine 1382 2831
1493 4442319 Kara_Hayward 1383 2833
418 0130191 Eva_LaRue 1384 2837
1115 1366616 D.J._Cotrona 1385 2838
295 0005232 Izabella_Miko 1386 2839
938 0925033 Julie_White 1387 2841
835 0751018 Betsy_Russell 1388 2847
829 0746125 Brandon_Routh 1389 2852
262 0004982 Jasmine_Guy 1390 2854
179 0001604 Nia_Peeples 1391 2856
739 0619406 Parminder_Nagra 1392 2869
112 0000815 Mili_Avital 1393 2874
939 0925220 Michael_Jai_White 1394 2875
865 0803896 Rachel_Skarsten 1395 2878
762 0651441 Meghan_Ory 1396 2883
519 0279209 Patrick_Fischler 1397 2885
40 0000394 Chris_Farley 1398 2889
666 0504571 James_Lesure 1399 2890
296 0005245 Shemar_Moore 1400 2891
1128 1401531 Diora_Baird 1401 2892
541 0307726 Kelli_Garner 1402 2896
1429 2907225 Joséphine_Jobert 1403 2897
967 0956603 Constance_Zimmer 1404 2899
1471 3665787 Tom_Cullen 1405 2900
62 0000505 Nia_Long 1406 2901
1326 2138653 Deepika_Padukone 1407 2903
799 0698346 Emily_Procter 1408 2904
919 0898597 Cerina_Vincent 1409 2906
740 0621788 Niecy_Nash 1410 2910
186 0001632 Teri_Polo 1411 2912
750 0638824 Michael_Nyqvist 1412 2914
1385 2503064 Logan_Browning 1413 2916
198 0001733 Nicollette_Sheridan 1414 2918
232 0004692 Mark_Addy 1415 2919
1041 1159702 Tristin_Mays 1416 2920
820 0727165 Sam_Riley 1417 2925
1026 1128592 Katarina_Cas 1418 2928
1443 3010926 Bradley_James 1419 2932
849 0779866 Tom_Everett_Scott 1420 2933
119 0000948 Shane_Black 1421 2935
1428 2902567 Aneurin_Barnard 1422 2936
1129 1402546 Sibel_Kekilli 1423 2937
293 0005216 Janet_McTeer 1424 2941
1306 2028579 James_Jordan 1425 2942
637 0437283 Christian_Kane 1426 2943
143 0001172 Christopher_Eccleston 1427 2947
842 0763928 Rodrigo_Santoro 1428 2948
654 0484541 Amy_Landecker 1429 2951
650 0478518 Steffiana_De_La_Cruz 1430 2955
1207 1630992 Madeline_Carroll 1431 2957
127 0001044 Rae_Dawn_Chong 1432 2958
1245 1754366 Tika_Sumpter 1433 2960
318 0005378 Brande_Roderick 1434 2961
1459 3409535 Emma_Fuhrmann 1435 2964
200 0001746 Ione_Skye 1436 2968
1194 1587188 Tiya_Sircar 1437 2975
483 0230693 Lexa_Doig 1438 2981
133 0001084 Ice_Cube 1439 2982
300 0005260 Frankie_Muniz 1440 2986
132 0001083 Jon_Cryer 1441 2987
881 0820847 Rebecca_Staab 1442 2990
818 0724757 Salli_Richardson-Whitfield 1443 2992
931 0920992 David_Wenham 1444 2995
996 1051221 Katie_Aselton 1445 2999
605 0389069 Rick_Hoffman 1446 3000
522 0283492 Jerome_Flynn 1447 3001
282 0005125 Sanaa_Lathan 1448 3006
855 0788218 Michael_Shanks 1449 3008
271 0005025 Traylor_Howard 1450 3009
1025 1128574 Laura_Benanti 1451 3013
1090 1273708 David_Henrie 1452 3014
1381 2448361 Emily_Rose 1453 3020
1360 2322192 Brett_Dier 1454 3021
1093 1289351 Barry_Sloane 1455 3024
125 0001038 Josh_Charles 1456 3025
1451 3160752 Emma_Kenney 1457 3027
618 0408284 Michael_Imperioli 1458 3028
524 0287182 Will_Forte 1459 3032
1458 3361199 Carly_Chaikin 1460 3034
536 0303013 Carla_Gallo 1461 3035
569 0342399 Greg_Grunberg 1462 3037
426 0141613 Erinn_Hayes 1463 3044
523 0283945 Dan_Fogler 1464 3048
500 0253035 Ron_Eldard 1465 3050
862 0798014 Anna_Silk 1466 3051
859 0791868 Sherri_Shepherd 1467 3052
624 0424216 Johnny_Knoxville 1468 3054
1198 1591620 Juan_Pablo_Di_Pace 1469 3058
210 0001828 Melora_Walters 1470 3059
1086 1269733 Connor_Paolo 1471 3060
419 0130437 Bryan_Callen 1472 3061
436 0158626 John_Cho 1473 3064
1029 1133651 Ben_Feldman 1474 3070
715 0588096 Christa_Miller 1475 3072
118 0000916 Peter_Berg 1476 3073
386 0071304 H._Jon_Benjamin 1477 3077
982 1015684 Corey_Stoll 1478 3078
276 0005057 Amy_Jo_Johnson 1479 3082
335 0005508 Janine_Turner 1480 3086
669 0507535 Matthew_Lewis 1481 3087
1307 2030779 Moises_Arias 1482 3095
325 0005438 Jeremy_Sisto 1483 3096
745 0629855 Julianne_Nicholson 1484 3097
653 0484178 Sarah_Lancaster 1485 3098
333 0005497 Nicholle_Tom 1486 3099
792 0688624 Sydney_Tamiia_Poitier 1487 3102
1332 2187603 Scott_Porter 1488 3104
476 0219835 James_Denton 1489 3105
1073 1232470 Janina_Gavankar 1490 3108
875 0813887 Bonnie_Somerville 1491 3112
173 0001540 Rachel_Miner 1492 3114
1419 2794212 Eka_Darville 1493 3115
187 0001650 Michael_Rapaport 1494 3116
737 0615266 Sean_Murray 1495 3117
549 0322164 Lola_Glaudini 1496 3122
1450 3158974 Cody_Horn 1497 3123
706 0571727 Kevin_McKidd 1498 3124
1365 2357847 Taylor_Swift 1499 3127
1261 1847099 Bridgit_Mendler 1500 3129
